A=[0 0 1.8 89.094 8.76];
R=[1 1 -4.5 174.203 5.78];
N=[1 0 -3.5 132.119 3.93];
D=[1 -1 -3.5 133.104 5.49];
C=[0 0 2.5 121.154 1.38];
E=[1 -1 -3.5 147.131 6.32];
Q=[1 0 -3.5 146.146 3.9];
G=[0 0 -0.4 75.067 7.03];
H=[1 1 -3.2 155.156 2.26];
I=[0 0 4.5 131.175 5.49];
L=[0 0 3.8 131.175 9.68];
K=[1 1 -3.9 146.189 5.19];
M=[0 0 1.9 149.208 2.32];
F=[0 0 2.8 165.192 3.87];
P=[0 0 -1.6 115.132 5.02];
S=[1 0 -0.8 105.093 7.14];
T=[1 0 -0.7 119.119 5.53];
W=[0 0 -0.9 204.228 1.25];
Y=[1 0 -1.3 181.191 2.91];
V=[0 0 4.2 117.148 6.73];
FU=[A; R; N; D; C; E; Q; G; H; I; L; K; M; F; P; S; T; W; Y; V];



